1658
4874
5090
8196
3259
2463
6639
1254
9437
9035
948
59
1535
3661
8115
7739
2290
4654
8317
1811
2526
5800
7911
1215
9631
6199
1133
8444
8748
2680
88
1620
6729
1935
7791
8460
8170
7089
1896
7609
9631
8985
326
7816
3734
1955
9609
5372
5402
3784
4893
6010
6918
892
7212
923
8371
3158
6895
5615
6851
8054
8941
1885
5034
2772
1875
4663
9465
5716
9116
958
4607
4275
9036
4207
7417
9037
9860
5677
4986
7984
6523
6861
7118
7390
1124
8428
3351
4208
6982
5222
6929
3618
3917
9265
3329
5285
753
3619
2354
3159
4576
5035
4415
7965
7600
7119
1381
2268
2418
4712
7493
7671
7740
505
6122
5286
1634
4130
6266
2982
6485
3035
351
6068
4372
3374
5913
2842
7853
8055
2100
780
7672
3785
6930
8716
7418
9631
9145
8041
7577
7494
408
6730
44
3718
6896
3693
7741
6324
2355
5616
785
8331
5223
3667
6291
3073
52
1708
5530
9394
1472
42
9047
4489
1316
3870
4775
8727
1338
5069
8461
1154
9821
244
1077
3003
9745
2144
1426
8429
6041
199
1948
7659
1581
5542
5045
6240
1775
2703
8393
4798
5427
3615
8208
9745
125
6931
4412
8171
1394
9143
6595
6983
4608
2955
8869
2653
1992
5744
2470
2669
1349
4055
2507
9157
7928
2371
4181
1089
3530
5070
1132
5732
7601
4923
320
3553
857
7610
7974
274
1709
9077
8890
2
2845
6731
5745
717
2180
3401
4850
2201
7419
5517
2827
5418
9078
5851
7361
4004
7660
2732
5602
6465
1587
8332
2581
663
4316
3171
940
3970
3219
8021
8691
7792
574
1459
8394
1501
1080
3533
8609
7703
3645
1134
1388
7239
2072
5549
1646
9859
9631
9518
6370
6640
2042
4722
7120
5147
1177
5717
338
5287
1961
92
5852
8891
5822
2415
2684
8256
4633
5460
8462
3580
8763
3196
7985
4765
2155
7742
3285
177
6069
5518
824
4820
6267
1210
299
3646
6919
846
8501
4747
6659
5326
906
5550
8172
4776
6268
6862
8502
8764
7362
2076
6495
1985
235
8395
7183
1886
3260
344
8679
2023
3554
6760
6796
3834
2811
9377
4634
4037
7058
1730
1993
5461
3835
9745
4126
2344
8333
4050
3620
537
7461
5914
7913
8765
2685
7673
5373
5462
5374
2639
2185
1218
3751
2812
3553
4425
7890
2846
2014
5351
7542
1343
498
3647
7495
2103
3375
3859
2053
3581
137
855
1690
3918
9203
430
8042
7485
6611
3411
4276
9378
756
3876
876
6466
7462
1281
2434
7786
1370
914
6797
1118
6977
1558
4847
2521
2325
5801
952
4777
6581
1350
5148
4894
4987
1536
4013
8264
7027
935
7264
9157
3305
3739
479
2484
9157
4325
6200
1320
4866
3442
240
7420
9745
8372
9395
1273
4664
1897
3575
8503
4182
7059
894
5617
9206
8162
6132
2686
8910
9341
1233
55
6932
1739
1202
934
986
6316
5741
9444
6312
1135
9582
7090
7975
4399
334
5288
5403
5618
9781
4183
744
2024
2239
2116
7172
5802
6173
6133
2320
5375
1565
5289
1016
4326
4490
5071
9079
6641
3919
4224
8022
3416
1105
6798
4209
5428
8159
631
4723
7487
6070
5149
8986
5582
229
7240
4304
9157
3107
8633
5993
5421
9379
6416
8911
4152
1300
3786
313
2718
8680
5551
4153
6863
3417
2356
1698
2269
3877
5150
6984
5151
6732
3220
3092
7986
9035
614
6042
349
5958
373
1598
3533
2864
7611
3074
8296
2382
6043
3648
8373
5214
6496
5788
6497
3137
8090
9612
2015
2270
3787
2541
70
8463
2527
3004
6612
8116
6733
1371
5224
9886
5487
6897
7638
3988
7674
5310
3277
3221
2715
7488
4957
8142
5886
9802
4542
9816
5915
5091
4689
5552
9157
7265
205
3766
3005
6670
3920
9631
5678
8220
8987
147
1041
4277
1787
5553
7295
3222
6018
7421
5823
3553
4174
1911
6201
1898
2271
5237
4426
5046
8023
9015
6498
821
4713
1572
615
4988
4724
6202
3532
2605
9631
8861
8862
3740
2865
4577
8892
5092
9631
8173
3946
6613
6734
1244
6524
9631
7817
6721
9369
2866
2754
7296
8788
106
2922
6933
4958
1766
2104
8766
7266
6441
2704
581
6203
7976
4974
1262
5519
997
9631
8811
3286
9157
7422
5916
2528
6377
4912
6934
3972
426
5116
6378
9784
2606
1282
515
4725
3418
3553
7153
9342
7675
8942
4184
49
5619
7052
9802
7028
7854
4427
6920
3533
1580
1899
9631
1633
5278
8209
4428
7351
8024
7960
6356
9155
3075
8692
9343
847
7496
4895
2755
1453
6357
2312
4342
2372
6799
4635
5520
6174
9486
2435
7121
9040
5583
1363
6921
1912
9619
7891
2522
3006
501
4543
1566
3076
3973
8988
236
8989
5746
8352
9745
9157
5226
7241
9801
3616
5376
412
5429
9631
2619
8567
8674
3698
8777
8106
5679
3443
5917
4875
4821
3223
2272
6935
6936
4210
2210
5152
3224
3735
7497
1136
9487
6848
2529
8675
9133
6671
622
5680
8056
2593
1294
810
873
3913
4876
4056
2007
5328
3249
3878
792
929
6642
8297
6099
9631
8396
4726
5584
6525
8057
2088
3239
4225
2620
4226
1962
9860
8241
4416
8820
5846
1986
7892
6582
1389
3836
6269
1872
4727
8464
5430
3993
5153
5290
2508
2122
8857
7743
6071
8265
5488
9745
5431
9494
1659
822
2166
8039
6442
7463
2474
253
4327
7818
1812
3225
2983
966
9847
4429
3879
5824
3352
7464
7929
6204
4227
6325
4799
4131
7855
358
486
4578
3827
712
2911
8221
8891
3278
1928
2351
9118
3921
1998
7550
4896
4228
2240
7423
3741
830
8693
2291
2495
562
7184
5117
3093
2776
886
66
5620
8430
4526
4112
4579
2867
8584
9631
3810
1420
9631
3038
8990
4748
5047
3094
5377
5422
947
4132
9745
399
3576
2257
3330
6467
2702
7744
5554
1510
8222
7213
246
2621
8909
7185
6488
7297
7676
3331
452
4491
7685
6995
4087
3355
3226
3767
3582
2847
3444
1390
103
4709
4113
6864
1863
5093
5803
3138
8210
3837
2034
8659
2326
3553
6499
4913
853
2292
8676
5621
7578
6443
4492
7729
115
1113
2132
4417
6205
5718
8107
5786
6865
3484
6800
9631
911
5154
2542
8504
4766
6188
6100
7229
7331
4728
9150
5378
4250
1931
5227
8610
336
6417
359
4088
786
7726
7551
16
1364
2282
384
4690
1849
3742
9294
8694
3376
7424
3178
2779
8431
437
6444
6292
5228
9210
5432
6072
4778
4175
2366
1186
9016
4400
5825
806
2241
7930
3947
4418
6614
3948
1970
7856
7639
1311
2780
8537
2242
398
9478
7612
4924
6468
5118
2133
9631
6270
4038
1275
5543
10
1987
793
9211
4822
8143
1699
2688
4580
6996
5048
195
5747
9157
6643
9157
8465
6761
9631
2984
2243
4430
3039
7425
2283
5603
556
8197
6762
6763
7122
5585
6011
6615
294
4691
1063
6551
3112
5994
7498
6718
2616
5463
1850
6937
2167
643
5321
8163
3367
4692
3412
9823
5329
698
4343
1792
4493
9041
6968
9080
6997
9547
636
9369
4278
1612
284
1025
648
13
8028
2582
967
6134
4485
3751
848
4185
8211
4693
7987
8374
2997
1274
8397
3949
8505
5119
4694
34
9157
9745
3179
8
6206
7793
3402
2781
9496
4636
7242
4419
8334
9234
1087
2077
5586
4267
7214
3025
8242
825
3533
2394
2293
8893
3719
9781
4373
3788
4344
3007
5155
7640
4989
12
4374
9631
7499
105
6672
5259
5012
255
6101
1776
3306
5279
3974
5072
4897
8991
4133
8335
185
5489
823
1706
4637
481
1685
5205
9849
8869
6938
6939
2670
6596
4609
6764
7091
3485
1431
9157
5330
2464
4494
1486
3307
1634
1189
2960
2008
3197
1795
7060
2123
377
6445
9104
1982
1524
6940
7177
1168
6102
7819
1064
5521
7267
262
1755
8117
6735
5260
9479
2843
409
8857
8506
5013
4268
3922
2548
2733
6765
8828
6486
6830
2530
4127
9017
8716
1971
5995
2453
382
8913
1673
4431
874
3198
6898
4328
7154
1936
9083
2105
8058
6271
1887
9042
461
552
1026
4779
8398
3210
7745
594
2848
3975
2202
1190
6446
9861
5404
5531
5959
5996
5331
3332
5049
6418
720
2181
7123
7500
924
3695
2923
9505
5734
511
9344
7601
6549
7961
9579
9292
3699
5433
397
4279
3113
3838
7977
2998
7124
4829
2719
2868
6379
5229
2646
1223
7155
7820
1155
9849
2885
2000
3323
6985
4134
4544
139
4867
9396
7230
5120
1217
6293
2554
4370
3354
4057
9631
5357
8118
1710
2383
7857
5804
9031
5771
5311
4695
6380
2509
1627
6207
904
9083
6784
8298
3183
5187
6941
4305
1949
1097
2414
3056
5490
3533
5968
7523
5464
161
6998
1602
1972
4154
2588
6326
4545
2098
9035
2373
2756
9445
817
2720
6644
6673
5156
7794
6597
6381
7285
9786
2089
6103
7501
1876
4898
6645
3057
2716
307
1302
5748
3811
9497
9769
6697
7858
3026
4990
2734
4546
6019
256
3124
7298
9631
8525
2139
2635
2869
5555
2203
9745
3240
7125
5094
979
9745
4899
2807
2395
3533
5332
76
4317
7029
9480
3199
162
1365
6358
7552
2012
462
8299
1460
4401
1199
6104
644
7730
5523
5905
4610
8728
6208
4991
3923
8266
4229
4432
5667
9234
4925
221
6135
4900
2870
5645
1395
6175
6616
4992
5358
7050
1303
3134
6617
1475
7126
4176
2188
6121
402
7704
8634
8507
1711
858
9446
109
3649
6598
8967
9018
3789
6999
5139
9157
6942
1412
2454
2589
1817
4581
6500
3445
959
5480
8790
8943
9105
8964
3744
7705
7127
5261
2849
3668
4582
4993
7332
1423
9447
3139
267
418
1756
6209
582
3533
4749
9361
9745
370
6020
9518
8499
3140
1757
8729
3172
866
8992
9745
6021
3669
6831
1286
2828
8914
7641
6210
2244
5805
5524
667
3114
7386
6447
1172
9631
5853
2465
9294
4270
7603
5050
1656
8198
7061
3583
8591
8944
915
4547
6489
6469
5434
311
8375
4800
2145
3208
175
473
4975
1072
1731
5772
9487
1582
3095
1603
2168
8538
3768
1686
6552
5121
4926
7893
209
7299
8915
5604
1758
6105
699
2798
8592
1255
3181
166
1256
2850
7844
1937
1476
1191
2189
7364
1027
8223
4155
9632
9802
2924
813
5749
4221
6073
6241
9106
4211
2757
1048
5750
6545
3261
3040
3403
6074
688
9267
4729
4976
78
6618
7988
4665
5333
7426
2294
1628
6327
1851
6075
341
5122
916
6922
4927
1119
4461
6660
7062
2496
3324
9427
6258
2735
1796
4730
2736
7894
1269
7502
6619
5826
2416
7579
2225
5405
3700
4959
4329
3684
4928
3041
447
7365
4039
9019
6044
88
2134
6490
8091
9633
7845
1797
7503
1657
3905
3860
3701
2211
2295
7524
7613
5406
2121
9254
8376
6620
118
6526
912
7931
269
1461
1511
7706
9320
9234
1205
8586
7051
4462
9745
2384
1438
6359
595
717
3096
1932
3533
2813
3273
6553
6832
8996
3077
1227
9473
8300
8243
3839
8820
2555
1834
5646
3068
1700
7243
8257
7030
9547
2226
5123
8968
1339
538
4731
3533
637
6543
4495
6123
5322
9631
9157
5997
3287
783
980
8947
5918
6076
8767
9745
5051
6646
1139
1818
9413
9460
9431
1288
3553
7300
3650
8144
683
6272
2245
2063
3182
4433
6062
6063
7427
4851
3790
8539
2737
60
9862
545
610
1065
1567
3078
668
4801
9492
4051
4330
4611
8174
2106
859
3621
2409
201
2569
3274
7678
7859
5052
9494
8807
9631
5036
2607
7366
3584
4877
9282
6491
1691
9150
3325
1157
7465
1052
3097
8043
2448
2117
1525
8751
2313
7977
7679
2146
9294
1120
5095
7614
6943
9631
9763
645
9321
8258
8916
117
3068
9437
2510
1629
7128
4612
975
3976
9157
941
1137
8044
4638
877
954
7129
6527
2961
5751
835
8946
638
5906
1560
2962
5681
1427
7063
5919
9492
709
8059
4732
3651
4613
1042
588
1675
3413
8508
4901
5157
1247
960
1002
3288
6470
4496
4497
6045
5682
8635
7962
7031
9631
1835
7773
9157
6546
7436
1988
4878
1588
6944
2570
6211
5683
6136
9234
9745
8768
282
2622
9482
3262
818
5073
8447
8760
5920
6583
5622
4548
9784
840
2258
7504
5491
9448
3861
5053
2636
3308
7516
4058
557
4830
5605
1621
5921
2073
4072
482
6945
5014
7466
4549
1146
1999
4114
7860
4527
1767
2410
5606
9044
3977
7186
4994
8060
6022
9520
2455
7746
9322
5827
9631
9034
8568
2212
5556
7367
3745
4767
1777
8301
8829
8869
1864
4498
9283
6137
8696
4251
920
5407
6419
8119
4583
4230
1768
7092
1788
2808
7795
7187
1310
9801
3263
5623
2523
3264
1178
7580
6801
4780
7989
4434
5096
998
2259
6448
6501
4550
5922
7301
764
1519
1066
3769
4551
7787
5083
5806
4977
2645
6328
1228
7000
6007
9431
9631
9083
4212
7429
9433
3746
1660
8697
3265
9157
2327
2064
2886
8302
1023
8857
276
2009
6852
3685
2124
6242
3355
3994
1354
5015
9120
6554
7430
8865
5016
1728
2887
6176
7244
3227
3720
1630
7302
6382
9399
4978
7368
8968
9157
2758
5752
9745
5262
57
6584
3141
9450
5847
5773
7553
3924
4552
266
2999
6853
1537
3027
6621
3585
3791
8791
2328
8698
1285
351
1520
9790
3702
6766
7963
2963
8399
3211
6502
2169
2782
5359
6023
2436
9745
2888
7707
4089
4655
1008
5960
3978
335
7156
2925
5492
5351
4073
4059
4331
9380
7525
8526
5735
151
1769
9547
6599
3812
8947
4040
6866
6138
2646
9816
5158
6600
7708
6622
659
6139
4499
5363
3377
5084
4074
2964
4781
7106
150
5478
360
1432
3378
2829
3925
2054
1358
6273
1647
2078
9466
3487
550
1304
8459
4014
3042
2345
2814
4332
9829
9381
3404
4868
2889
7107
705
2543
6946
1740
8917
4500
9046
972
7506
7680
2365
8866
2830
4750
7436
7391
5998
7990
1938
8108
5097
987
9047
7188
2156
7681
8756
90
7615
6736
7431
1477
2456
5854
1919
5435
611
2260
7973
5465
5124
228
1778
4156
3058
1521
171
6420
1609
9268
5940
1661
4252
9427
563
9157
4666
5684
5017
3533
8499
4831
5969
9157
6978
4802
6294
478
9508
2623
2926
9860
1909
9579
2624
887
7432
768
8303
7731
2705
7369
3732
4696
3979
6802
8318
2246
6854
2273
546
1648
2689
6360
3098
455
3950
2396
9860
4186
6471
6855
5970
7433
9491
4553
2851
6259
7554
6371
2204
8681
1295
4914
5719
8699
7861
3536
4375
7709
1433
4376
1035
4402
3472
7404
1305
4751
1732
754
5436
1701
1555
3008
3080
5753
4752
6867
1939
7959
9083
6503
1086
1940
7157
8792
5018
5159
6767
2157
5364
6899
5647
2583
406
2985
6383
575
4929
999
5335
5828
3379
6140
7189
6504
6274
9745
4656
5941
6555
7991
3419
767
5160
3069
3622
3623
8400
5720
2274
4782
3183
7964
2158
2773
9048
6505
8144
6647
2374
3880
159
7190
7933
6648
3228
7642
8026
438
4015
4115
9427
8909
4090
9295
3333
3721
9083
7555
1973
706
961
3369
1712
2208
9888
6787
6046
5365
5587
2205
3289
4930
5466
2247
2625
62
4345
2556
4463
2147
3533
365
314
5161
7732
6547
1018
8353
2927
325
7507
3862
3881
5774
5923
9642
2497
5230
7158
5525
2090
833
6384
2647
8175
5366
4995
5019
732
973
232
5624
6556
8146
5855
7839
4667
3000
4187
5942
9781
6506
2956
2957
3882
9745
7508
2357
2783
4852
8700
8867
8164
5971
4306
926
6313
953
3792
694
4853
7682
9294
8569
3670
4915
8212
4135
6768
3995
981
9234
8995
7032
3533
5085
9631
1963
883
9631
9801
2352
8165
7934
897
5943
7979
5162
436
5437
8117
7268
4307
2055
9467
4501
7914
7935
7526
8793
3370
2965
6623
8816
7215
6803
3009
4333
4188
4931
4657
8401
5907
4280
363
3173
4464
6868
6243
9484
6507
6986
4465
7303
3624
4502
9020
1031
6077
1662
9382
7747
9021
761
9786
2590
480
7064
1573
8868
8730
8176
6557
206
2626
8244
1325
3533
8267
3553
4601
1974
7788
8104
5887
6915
7936
6674
2591
6361
2748
5481
9323
5231
6900
1439
5829
2986
5188
2314
5685
7370
1492
6472
383
3965
8636
7992
2275
3926
5163
7
124
7993
7748
4281
1713
3043
6177
3446
3229
1597
7509
3309
1663
878
7937
1793
1941
5037
2366
7821
3490
4832
726
4503
3599
572
8121
2738
3142
1754
9745
8996
8402
95
494
2016
1721
6189
3010
4783
7178
483
3143
215
4136
8027
7527
6385
7668
6437
2306
6947
1702
8793
762
6969
5232
2261
7467
6012
21
4060
5379
1259
7581
4916
1181
6295
826
5999
2190
4784
1538
4697
1920
6661
3779
5557
6601
470
312
5944
9509
4334
3537
1326
7556
5367
1327
4377
3696
2148
8869
4584
7938
5493
3662
1574
3044
7994
7616
1819
7617
3883
3230
6585
733
2329
419
2457
3356
5380
5291
3770
7895
6244
3951
925
4466
1841
8611
2912
7179
6106
6602
8894
6141
3906
3863
1440
5423
6675
617
8403
9144
4189
9802
1179
71
3884
7710
3980
474
3981
639
1462
7001
7434
3059
4648
9631
3380
8830
1964
7939
8224
6603
2654
2191
7544
8857
6089
2013
1397
3491
8909
2227
1942
4190
1495
5233
6142
4996
2996
6190
9745
3553
6508
2557
4435
9427
6987
3045
7995
4658
1478
7108
7822
5558
7231
3290
3703
3046
9786
9298
8268
1676
8061
4091
6329
5526
8922
6769
3671
1753
9157
4016
8509
6275
3492
1526
4640
318
3144
3420
1548
9631
6770
7130
3266
1021
1772
3625
3533
2777
490
8570
3626
288
8122
6060
8731
4668
8269
988
3421
330
9631
8304
8510
4538
2149
4932
8919
8896
6079
5263
2330
7557
2297
4318
4436
1203
5054
6245
9860
7109
982
4231
1852
6080
4282
530
2592
3011
7371
6676
605
9631
9631
9461
1260
6509
3357
8404
6869
6528
5038
9801
1975
6677
8405
5098
8177
5972
5408
5164
3252
5360
7093
6833
8870
5648
2001
9383
3813
5234
456
202
2913
5055
2558
3533
5973
8406
4075
2375
4061
2315
8831
9781
3828
3538
8540
9786
5292
1622
9083
8527
4753
4270
2671
8832
7159
6624
5189
6246
7727
8305
1512
9294
3871
5381
4092
7862
2914
4614
2107
4271
1049
5830
2248
378
4823
3533
640
8528
7749
8123
2759
8062
9816
9049
7750
1163
6698
9121
654
264
4082
5974
9745
7601
9427
4213
8315
7751
5888
1539
6699
4785
3722
7752
1741
2559
7245
4669
6970
254
1873
8769
8897
4615
7392
2560
2844
5494
5644
7160
1248
6386
6330
3145
8612
4116
7863
2376
3174
6387
5807
64
4157
6421
3747
4076
9300
3371
5856
1759
1547
3447
8225
1989
5924
5368
5775
8541
6212
431
6143
8542
5086
1211
7191
1128
6449
2987
4504
5736
1549
7980
6276
5382
4917
9345
6081
3672
2276
4803
6834
5165
6422
5235
2966
8336
5776
9745
5166
1692
1463
1981
9427
7192
7131
126
8063
2593
4641
2017
9505
2213
2594
7940
7065
3108
5904
558
444
1380
4191
9050
8543
3652
3160
2608
6510
8319
2298
5975
9022
7996
6804
3704
2637
7333
7269
1589
3914
6247
4933
3358
3209
4754
4602
4137
6558
9323
9496
1396
1084
5323
212
7193
6473
6835
2419
3405
2721
9362
8271
5686
5312
9032
3422
9582
7796
4934
4222
9816
2397
9431
2321
6191
8997
2852
9157
2377
48
8660
7468
247
2511
7304
7372
1888
180
968
149
1865
7435
860
4158
4378
9631
1750
2840
4253
7683
9051
1270
681
3533
1448
570
3070
4319
3115
1424
6144
1398
7246
1674
3653
7436
9585
602
82
4379
8920
3099
6586
9234
2544
1950
8045
7582
4437
6700
3231
9099
8467
5206
4505
7110
7662
19
9867
2475
6372
9427
1206
8040
5831
7583
2890
4528
3047
4585
8199
7618
7111
2722
8705
9474
46
3927
1108
3212
3996
1836
758
7896
220
5754
6678
7066
589
579
8637
3060
7227
8594
2853
1722
4960
1158
6988
7643
6649
5383
7915
672
3928
4062
1372
8595
2648
4232
3705
2571
1726
5857
6948
3627
100
8871
1137
9426
3706
4220
3751
4005
8320
5961
7774
7194
6145
5099
2249
3184
4506
4554
9431
3275
9157
509
7510
5925
3161
8064
1126
7797
5424
4529
1334
750
9745
9745
7373
9867
2531
5544
9745
4006
590
5808
0
6559
9631
936
3885
3448
6146
8969
5976
8272
6474
9801
2871
1496
9497
2159
1976
6024
9157
4093
5559
6737
7644
1441
4603
2170
3628
3012
1053
6901
6511
2690
1212
3780
1391
4824
7286
6771
3279
8850
4833
1965
6836
8596
1109
9324
6331
3036
3553
6025
5167
4380
2891
6788
9427
4555
9168
2988
5668
1078
292
7247
2746
2284
7248
9284
93
1161
5495
7997
1043
6362
7785
1687
8702
342
270
8321
983
6147
9786
4233
3185
5056
4834
7161
9579
3533
4997
9280
3495
7469
6026
7437
1703
7864
4835
2299
1413
7033
6529
9384
2561
1502
5057
9445
5977
9157
7775
2385
2043
1090
7865
6805
949
155
6148
3037
7470
4530
3381
1414
5236
1590
695
5207
1358
5280
2125
3291
3600
8306
6000
6625
4710
2458
3673
1344
7067
6475
6738
3423
1415
4192
727
3771
6363
9107
2214
4283
172
7132
5650
2485
5858
3186
1889
603
5527
9745
4854
7528
2447
7104
1355
6332
4804
193
6450
8983
1664
3654
4935
6530
8872
4308
6423
1126
4017
8998
7305
9290
5293
5777
9745
2882
9745
1956
7330
8046
3586
6388
5336
395
721
27
356
304
7270
4128
5560
2398
1798
7436
3629
2854
7753
771
2928
560
9778
4047
3135
7471
5496
2915
6626
3213
3200
156
2215
2872
8226
573
8288
6373
9745
5978
379
2249
620
6389
4616
5669
4018
8322
4768
696
5438
2916
9511
6438
4510
5237
1723
4617
3982
4138
6701
7068
5074
2216
3793
1434
4159
7374
439
5588
8273
718
8682
8529
6390
2691
6806
9890
7941
884
5190
5755
8544
3334
4467
1487
6317
8638
7343
129
4284
9651
2160
1145
7052
3496
3280
8921
8968
872
7133
7034
6213
5962
2171
3630
7645
2512
1224
1182
8047
5337
989
3533
3214
9294
4094
1599
3533
7069
7754
962
2943
8227
2378
697
1906
9781
5482
4019
4961
8613
7910
5125
3162
464
4962
144
4936
3631
5264
8124
4642
2459
6124
163
2723
1313
7529
9745
8614
4937
7684
4938
1635
6149
5020
7840
561
539
2277
9511
7094
9157
8468
564
3281
8752
2316
7866
198
534
3707
7134
2638
4902
3464
7511
9346
3772
6333
8125
6807
9083
1356
8834
6013
802
7002
6604
249
4998
1877
6512
9631
9582
6870
3632
6047
8639
1298
5439
6391
1623
2655
279
7897
8793
5561
6739
2639
9157
5294
8716
9407
7306
283
1688
2074
6722
8530
650
2855
8770
8307
2420
7711
9883
2784
9427
4063
4117
54
9157
1842
451
1245
5467
7271
7733
1006
7070
4193
1636
1820
4618
5845
9547
1853
8337
7981
1283
7071
1832
1098
3886
7663
3533
517
6277
3587
1420
863
4769
4403
7436
2358
2002
6789
5528
1464
8260
6248
8880
3952
5238
2532
1770
3723
6150
3081
7530
3310
6451
2044
7495
321
7531
4836
7393
8661
3887
8640
9347
3414
2437
6249
9829
3253
523
3028
7558
2749
5295
3749
6627
7685
8898
8028
6476
2217
794
1141
7003
893
6001
5625
4083
5859
2809
9052
2815
7439
300
8771
9157
2609
6027
2967
211
8377
3013
4095
8126
6151
8641
6679
5440
6740
5384
3424
6808
7440
9745
2892
9745
606
5687
917
1183
7686
1957
5737
6989
5126
7532
5296
6772
351
927
5100
9023
6392
745
5338
3872
8949
521
6296
4064
9234
5385
5688
3382
22
6178
2628
4438
6680
7352
1010
7095
7664
5721
2873
6773
3750
7096
1056
4285
2300
1983
7998
5832
7375
2079
9452
7272
413
9745
4214
4786
1142
8835
9801
7910
4879
157
7376
2449
6314
6477
6278
660
4918
6741
8127
1665
841
3146
3539
7942
7112
8772
7999
393
4653
8338
2656
6702
7943
428
7823
5908
466
248
3254
9157
4507
2657
1085
9426
7944
7646
3563
3147
8315
2367
7035
9781
3840
7687
472
2785
4413
5202
323
4286
5789
1561
2610
1913
607
14
1613
3498
2545
2301
5722
3499
184
1624
1058
6703
2460
5208
6531
7162
7945
8065
2989
6650
3232
8066
1121
5926
3048
6393
8092
5313
2706
6871
9122
6334
4007
5756
7867
5191
1003
673
7824
471
2893
2968
1990
8469
5209
6605
2883
8571
8777
7868
8200
50
188
1583
7441
153
8999
4320
5058
2471
7712
4020
1106
4619
5979
9171
5468
7472
3148
5790
759
6424
6872
2747
710
1382
2192
6028
1760
1799
6949
623
6774
4604
2658
5980
1428
1742
6394
8339
5021
2894
7755
9309
8407
9427
5607
1159
4999
8473
4335
8471
5297
5000
6250
6478
3406
907
380
3674
6395
9123
9348
4532
722
6396
2498
5689
4215
4194
7647
8572
1094
963
5265
5441
3061
6397
6971
3149
8818
7869
2895
646
8610
1562
9745
9053
6029
3500
9745
4065
2896
8228
3201
559
6082
1164
4605
3001
5101
9746
487
4066
7734
6125
8573
7825
9083
432
4805
3588
4096
2595
8545
3781
4346
6425
3841
167
226
1921
7436
4659
1147
8472
3082
9631
7004
137
556
7798
1110
8597
3116
7545
2172
7489
6923
9781
6704
1876
7005
4347
9225
1335
8340
8450
2617
9745
8245
6705
6398
565
9157
8067
7436
5239
8369
6335
5497
7273
1800
3335
8546
1249
3953
6336
4670
7799
5022
1497
2337
8733
1591
2692
9745
618
3049
1019
4755
8408
6856
2856
9157
3794
8757
7648
2990
5409
5023
4381
6950
7377
5889
7006
2332
3202
7533
1779
5298
1559
4671
9157
5626
3383
8354
807
3888
1488
4556
3633
6126
1379
9349
8610
3233
6399
9270
9816
9385
2091
1407
1522
5240
1011
6152
6479
1383
5860
6297
9426
2065
5
8275
1563
2476
9426
6587
9174
5690
2816
9369
8574
3540
738
6742
854
5498
1328
5386
6364
6214
6532
1489
8213
7007
4404
624
2760
8547
3814
8734
5981
9157
4139
3842
1362
6560
8548
3736
8355
7307
315
1114
6192
3267
8773
6153
3125
4939
6452
8735
8922
5192
6561
4439
9767
4819
2218
6154
8774
5723
5848
2969
6492
1239
3929
9023
9413
2080
5651
4557
8068
8989
5299
1416
8409
491
3311
5102
8276
527
641
7826
2596
3100
616
9032
4160
3359
8473
8549
7946
5945
6809
5024
2817
7688
4508
4855
4405
4177
7776
5691
814
4509
4264
2874
7308
583
2818
8873
9427
9334
5757
9468
2421
1479
4177
3101
3954
197
1276
3889
2120
3634
6972
8166
8474
8775
1503
711
7713
2929
7436
5627
1854
8475
5562
8598
1277
3930
7947
7870
9778
6030
9883
2228
3829
6743
1493
2562
8341
1780
1914
4336
7497
2229
8246
1670
9632
976
120
8575
816
8703
5059
5001
4440
5982
5628
1637
1180
8410
9427
8711
1610
6215
1943
2140
9427
2584
3083
3336
3773
7619
1229
5652
5861
8836
4787
3533
5692
179
7008
1743
8511
7216
4021
7800
3635
7965
1192
6873
908
7135
5025
918
1894
8476
2672
5339
6216
305
319
4048
5589
1625
655
993
4586
8247
5833
6298
4558
3663
6837
3234
5693
1099
8758
8855
237
1761
5060
5729
3751
9325
4559
1193
2417
784
7072
9802
8147
6706
1473
3795
4510
1069
4511
4067
2549
9631
7195
879
77
3533
7009
5670
2611
2066
1813
4620
1194
8128
5791
1044
7010
4140
4077
7948
5039
6083
3864
1729
7394
5340
9157
8617
6513
8736
8069
3601
6588
2302
1744
2477
5927
700
9439
5483
2237
739
5241
7378
9579
4309
1773
7442
6400
8499
740
8737
778
6493
5300
3136
2161
1471
1843
7274
5341
5671
5529
8550
3425
7949
9579
1704
5890
5590
7605
7196
9631
3014
3292
9469
8618
8642
7871
1498
4141
2262
9350
7163
715
1666
3955
3384
8093
9631
9547
8759
5540
9829
4856
6990
1165
7801
689
7846
6279
3724
7379
6810
3501
3843
1429
4788
808
5541
1073
6299
1855
7756
130
1504
4195
5499
2010
5242
3675
2831
5500
2450
9745
3686
4733
7757
8880
4382
4406
633
7474
4672
9157
8070
8178
2399
8838
440
3708
716
880
2478
2539
6723
2628
2640
4714
942
3293
8094
1499
3890
8512
4196
8880
5738
1148
5591
5563
4254
1693
4940
2101
7136
4468
8451
7475
6031
9035
7197
2641
421
6260
5653
5983
2930
7917
4118
2563
1088
8071
6973
7898
1490
7910
1034
5442
6874
4197
9631
5243
2386
2018
2564
5210
2092
4806
407
3709
3029
1195
5127
6744
5891
8776
861
849
3282
3564
7777
3541
4560
1028
5281
5128
842
8857
3774
1631
2681
2438
3203
6179
2251
1100
5103
2019
5387
4097
1745
5087
8411
6875
3997
2572
977
1480
6681
9157
5792
5724
3533
9090
4770
9631
4979
3503
6811
4321
795
9363
2031
203
7335
8308
664
6876
2108
8323
922
9351
364
8356
7198
4174
6155
8777
9579
7546
4119
4673
302
2492
6877
2333
9877
3084
192
4216
6048
40
128
4178
492
3235
381
2400
7073
827
9157
2693
1714
3360
8771
7309
6951
8705
4008
6337
6180
2359
56
9025
3283
289
1866
2952
703
5862
4715
8412
6662
1527
5909
5530
9631
7559
4561
41
1240
9631
2819
8214
5946
1922
8619
6838
8229
5834
8820
6606
1694
2056
290
1012
1762
1540
6156
4383
2832
3449
6280
3465
9631
5758
5501
3542
8965
5388
943
2118
542
4621
3504
3655
5863
2011
7336
2422
5629
1435
1746
7232
1481
391
7217
6365
6663
1801
3782
7275
8643
6217
905
3844
3543
116
1237
1101
2109
131
3687
81
944
2519
8499
8230
6157
9631
5282
9745
4587
2897
5075
6338
5266
1837
5654
4562
1482
5864
7097
9322
4487
7802
9001
626
6251
1575
1513
8129
6607
8179
5564
1483
9786
8947
5835
8857
9745
5389
5479
5129
8000
6339
4441
4563
9271
7137
414
7074
403
2585
1944
5947
4716
1324
8378
4442
2573
1802
7872
1984
7803
2931
112
8662
7443
8413
7409
7476
2739
6651
6252
7689
8001
3815
7353
8585
675
5026
375
7758
5443
3931
770
895
6652
6514
5778
4880
3320
7395
3533
6926
7759
5267
1207
3710
8875
102
4837
9816
1263
493
9344
423
6745
8793
9493
1695
7199
2898
7337
5390
463
898
1945
1879
3385
2401
7728
327
5759
9801
7053
9631
324
2786
445
7606
4469
181
3816
2150
7690
8201
3817
5892
3932
5963
6218
6707
1994
374
5531
5104
5130
543
3102
819
7534
9631
3030
2278
9778
7444
9124
5630
5268
9157
6515
3163
3845
2230
9125
1238
8130
1340
4384
2875
2761
6516
8951
145
990
1803
9302
5694
9582
5140
5002
2472
3752
1821
4161
4223
6253
5865
8029
4825
4255
4674
2774
8131
7218
1649
3506
8414
6374
8663
1130
5061
4941
387
61
6628
2035
3337
8254
7233
2379
1867
1991
6219
8683
2857
3294
4564
9882
2081
9631
902
7173
9745
1417
2466
930
7665
4717
1373
6925
1279
7310
4963
6340
9026
3907
5032
6790
6775
3426
9829
9303
1374
3015
684
6991
2534
1257
6878
3533
5168
723
8342
832
261
5244
1068
8202
8576
1564
5301
921
8180
6220
4443
4385
7396
1992
7584
6517
9178
1733
3688
5631
4675
9631
6518
2762
5793
4676
8586
4234
913
8277
7760
1900
8132
3016
5435
1838
1789
3983
23
2135
6453
687
8869
2958
4162
3386
4942
4698
4217
6879
4857
5169
1724
8215
4256
7804
31
4858
7234
1225
6401
4142
239
275
9380
4734
9816
8072
6664
96
352
7714
6426
1844
8248
9462
2423
8181
3427
7011
1007
4533
3150
3846
3062
6724
8415
243
6653
6221
5245
6682
3818
7910
6974
1667
1045
2279
3847
2597
6402
7075
2899
4163
7012
8706
8109
4143
5849
3711
1484
2057
9309
1804
5269
9364
8644
6776
6533
6427
5076
3956
1890
2546
1546
8278
3170
3908
9631
1241
9281
9027
1576
7873
8952
5410
3178
5411
1399
969
7164
3428
4470
5565
6002
6032
7025
7620
6341
2612
448
3589
7982
6008
183
6629
6746
7445
9463
8231
9431
5866
6181
7410
2285
8905
1474
9234
3676
5893
3126
7036
3602
3508
1901
1541
5928
7446
3255
8551
5170
5894
8203
8479
8583
2303
123
4159
3915
7076
8073
1400
1592
4348
3117
507
2724
5725
6812
88
2725
2900
991
1175
9157
1264
4677
3063
9126
9055
6281
6562
8947
1734
2787
5314
9365
4643
5910
7805
1907
458
3544
7715
4041
4699
4807
5105
6403
9454
3891
9108
3909
1307
5141
4042
6534
2346
5794
2236
5809
6049
1375
4678
7547
4022
1848
5077
6563
811
2499
3984
4287
8432
3796
5246
1523
8923
765
8167
8552
4512
6366
9254
2726
1115
1234
3985
2162
8324
7918
2461
2707
3509
8499
4622
6535
4043
9547
3966
9157
651
5502
8924
5270
485
6630
3338
8133
3312
6608
8645
9091
3545
7806
8840
5247
9812
225
4838
5003
9631
1091
4600
1465
9508
994
3188
528
6747
5193
2141
7077
3636
8030
3151
346
4565
7276
9287
3017
7910
1856
2151
7277
8925
2424
258
339
6589
1466
5412
4881
4623
4964
762
4839
8382
9494
9764
9028
1822
6536
5171
4165
7919
4023
7585
2659
5342
7014
5194
2163
148
7716
7761
6880
9366
2334
5948
8779
1329
7717
3998
5632
1131
5836
5211
3361
4471
5895
6404
7447
604
1805
781
5929
2932
1442
6084
3967
3387
2694
3450
6992
1208
2500
5810
1000
2335
467
2833
3388
1176
6222
1593
2991
4310
3865
5867
8232
6193
5106
1184
5445
591
5811
4166
9492
8926
1351
4288
2304
7762
2673
176
1
9145
1528
749
6839
5503
233
1317
9829
9231
5592
6254
8587
1230
2935
8841
8416
2045
3819
820
98
9157
4349
5172
7735
3533
2252
4386
608
5343
3362
4808
6777
6564
7841
1443
7586
3848
7200
6367
621
6454
8684
7201
7514
4444
3565
272
5532
7138
3577
4387
4840
9288
263
8182
7587
7338
2970
2380
2322
2036
6428
1074
3204
9631
1579
1046
9745
5695
9092
245
5868
113
6565
566
1166
1279
5869
4052
8279
8417
2649
809
1542
140
6050
8877
7691
5413
2425
1059
885
1408
4735
3566
6748
8343
152
7588
1823
1352
3797
8707
5131
3533
9233
3892
8627
8708
3018
5195
1923
3603
553
4272
5696
8074
1353
9234
9
285
17
772
6725
746
1543
4445
8754
4167
4826
585
1781
3986
3637
586
2305
3429
3533
2547
850
5608
6405
2110
2513
7113
5446
6813
2934
8325
1977
6566
5469
2136
5697
8249
7965
6537
8280
3604
7621
1384
7763
9034
1111
8842
1677
8481
9631
3372
8433
146
2535
2317
5812
3326
1550
1187
4049
9631
2788
4198
9745
8452
1611
5593
427
7339
2091
5447
6107
1933
6519
1341
8418
3250
4513
4965
1951
7078
8434
3118
5837
9157
1514
4736
5964
1978
5633
3638
2479
9057
1040
2834
4882
9745
3677
1568
7015
773
3849
2708
5760
3656
7249
6085
8031
3389
4289
7921
435
7827
3553
4700
7165
1794
5594
4068
5132
2682
4539
7874
8110
9745
467
6406
3241
5173
612
7311
3390
4168
68
9150
803
888
576
6158
751
9547
1284
3127
3256
1271
4869
6778
2486
2099
1314
4660
1979
6014
2426
3512
6749
6972
2740
8843
8482
7114
5315
6480
3407
4588
3533
6902
8183
6223
7692
3295
2402
286
9127
9579
3678
9032
4420
7139
8002
3893
7875
889
8553
1454
2841
5655
6455
2253
1806
9579
6114
8685
596
2182
9431
5698
5302
9867
3430
7515
4624
7666
2025
8738
656
3605
3933
8777
3085
6064
7535
3119
5566
4
2992
856
4199
7876
253
5107
1529
8588
8453
4446
2935
3999
8003
9059
7718
9035
8686
1020
3590
1715
9521
8075
1845
2660
7477
5142
4098
6182
2565
6881
6665
9386
609
3514
28
5672
2173
3242
9032
7448
7950
7807
6590
8216
3408
7719
164
8739
5545
5813
158
6300
755
678
3313
2944
4809
5984
6952
1604
4589
9547
9128
450
9093
2094
3987
9631
7044
4218
2901
8878
4388
9801
4120
2835
6779
8983
1846
7649
4810
2574
355
9157
8716
9849
8499
2902
7828
7622
8076
169
6683
5949
2336
1763
1102
4099
1782
2699
4447
7829
1013
7536
4679
9235
2820
6086
9387
5504
6791
737
682
5699
7589
5656
4811
3189
9631
7449
1874
4389
8793
868
9631
267
1467
8651
8048
7450
3064
2032
6684
2037
7180
2971
9870
7115
3934
8095
4369
4701
8281
4472
2451
45
5930
6087
3957
5533
6708
1716
1081
2536
3391
5324
8454
4680
4350
2750
331
4351
5344
1857
8671
442
4144
3190
8184
3296
7380
984
3968
8740
6840
9062
190
4100
8927
787
2629
6224
9579
5143
937
567
9745
2095
9002
1653
6159
5062
4235
9745
5414
4448
1009
4514
2209
6685
1858
5931
741
6088
8380
6882
7037
2789
8134
6591
1830
5108
7899
174
4024
1814
7951
1839
5040
1468
3363
3873
4812
7952
488
1958
2709
9183
1717
9786
4883
2266
4421
8599
9003
3128
8326
3916
5741
6456
519
3850
6318
1308
9511
8250
1507
4903
6301
5534
2046
4473
9413
9157
7847
6033
4943
7808
4145
7312
3725
9786
8185
7830
4737
4590
1444
8204
9157
4449
1392
3533
9289
6953
3639
7278
9431
2487
2360
8381
3851
6750
9505
9373
4718
5033
4390
8357
4352
5203
4681
7451
6302
5345
1678
3679
4236
2661
5346
4884
7250
9388
4515
2972
4980
7016
6034
836
6160
8484
4025
6814
4086
1530
459
6815
8844
1824
8857
6261
2741
2945
1868
7764
4407
5391
6567
4000
3515
956
9582
9631
919
8327
2598
4644
1531
4516
5174
3820
273
1551
1054
1289
8349
9035
2058
8435
8531
8741
3164
2174
9848
1946
7953
6127
1321
2947
1825
7516
2193
6841
7140
2111
1668
8309
3243
4841
834
3894
1200
5609
5248
8217
7116
1577
110
7228
4536
6342
1774
347
5896
3606
4026
8532
5505
3297
2194
3205
2917
6282
4789
9547
1014
9779
1783
7789
3392
6407
5657
2537
7831
8845
685
6751
597
5369
168
51
5109
8710
394
8135
9004
3988
996
9147
9829
222
5814
5347
1584
3689
8096
5470
5700
1764
8600
5484
4169
43
2821
4944
3
4645
2524
3593
1880
4101
4200
1895
8760
5870
7720
1869
1653
6051
1167
4870
5370
6792
4474
9005
277
701
5932
4219
5950
8665
2550
1650
2710
7452
260
8601
580
6954
630
114
9631
2953
7922
2231
5419
2306
3314
1436
2381
4885
516
5761
2836
2973
8049
1585
7560
9631
8358
8983
5325
7288
5701
1569
5506
6319
8419
5175
9765
6439
2937
2946
1001
3019
512
8628
2152
5567
2822
6666
3608
4290
1532
6128
796
80
5897
6161
9631
4009
7561
4273
1826
8359
6368
94
2993
7279
2003
9238
4945
469
1149
5610
8004
8485
7623
7017
9049
4904
7251
5535
2392
8928
8647
4886
8711
9870
1090
8954
5176
8513
3339
8077
4517
6955
9073
6225
457
4102
6457
4027
4702
6631
5634
4391
6857
7624
4028
9816
2751
1996
571
1640
3031
3315
5795
7650
9860
2147
6481
7625
1168
7018
6343
6303
8005
8136
1342
2858
2387
9157
662
4103
9432
1409
8891
2287
1322
7877
9745
7141
9157
3086
4337
9032
241
6226
8514
9631
7478
5249
2020
6315
446
8620
8148
8111
9440
774
7340
7778
1556
5871
7252
2903
4518
4591
9032
4353
2804
6035
8233
1614
3298
3002
2337
9328
5420
4146
529
2347
107
7765
5611
4001
2904
8420
3020
535
9455
207
2823
6255
8629
58
4661
1891
7253
200
5838
3821
8421
1679
4201
8360
1997
7766
6436
3516
97
3578
8455
3609
8762
8974
449
2538
788
8486
165
1641
4237
9470
7878
5815
7479
5985
7381
3726
1425
7142
6109
8900
5568
8712
8968
5965
2142
154
9631
8515
8097
6686
6816
9585
1445
6110
7019
4450
1696
4069
5536
4646
3712
7537
4451
2711
7254
2674
1952
7354
6568
5027
804
851
7832
5635
9129
9786
5133
3895
8487
3364
5212
5779
2599
88
5636
1859
3368
3690
7693
7355
3055
7202
2525
1718
2918
9130
3257
4763
1605
2038
3553
815
1680
5702
2662
5703
7965
4029
6320
7143
2678
4044
2154
7255
1250
6194
2763
4887
2254
5726
837
4771
8879
8844
5384
4078
3775
186
600
385
1029
8370
3591
6956
8261
4257
4238
8382
2646
1815
2480
7104
939
4790
1173
6089
3935
2143
9234
287
392
1073
7313
9631
2501
4966
3431
2575
7098
9150
6569
5966
1330
9234
8909
4030
7356
5004
5986
3727
5704
7785
8488
8176
39
133
6817
775
8713
8742
9006
7767
1552
3691
9547
4967
4129
8489
9294
2859
9497
7562
7833
6344
7219
2586
1097
3910
4354
9157
2388
862
7038
8798
5839
7879
317
3798
6709
5250
9389
1421
3109
2502
20
870
6321
3799
7020
2219
1790
8436
223
5951
2742
5780
6842
7397
9390
2727
3321
368
6609
1376
5933
1508
8006
9745
3896
4905
6408
1515
8847
3393
6227
9631
5196
2427
7289
2503
5393
3065
2102
2039
3783
551
1348
4121
3657
6632
7965
5840
2096
6687
2905
3680
2651
9032
4592
5005
4475
9427
6183
2348
3874
8112
634
502
1231
2511
9631
5303
735
1751
6458
5304
8516
6538
4968
3800
1337
6818
6052
6195
7925
9068
9631
7220
8168
6843
4258
3592
3206
8936
8976
7099
2837
9069
2126
2164
2799
5872
332
3753
2206
6752
7768
6570
7054
4355
3517
8822
2642
9867
8032
2907
1309
1218
5637
9095
534
812
5705
5110
7314
6883
4239
1735
6487
9812
5063
4356
4593
5078
950
6322
1032
4813
9157
8902
6592
5952
1306
9745
2165
4871
5144
4946
2439
581
4919
5898
5781
2318
1251
7590
5283
1736
7021
9234
5507
4357
4452
9427
5638
9801
5873
7382
4453
4981
2938
9547
2040
5251
1505
3432
1752
8847
7453
127
6957
5252
6003
7626
2411
2183
5064
4738
1516
2059
2349
8529
2824
2790
2504
2393
9456
3032
6283
4566
506
1784
1892
4170
8383
2974
6819
6903
496
2368
4507
1242
8007
9745
5316
6090
536
5028
2462
2630
6539
6719
8589
3713
5253
5448
3610
7563
3518
7100
6375
1293
1107
6304
18
1418
2313
5415
2389
6091
9631
8799
5899
6323
7203
2365
9849
475
3087
9885
2440
4567
8422
9150
8205
8384
8206
7341
234
3866
5569
2060
1600
5658
3066
3394
3728
7779
6571
7204
4358
5595
8880
5317
4202
7900
1385
9745
8931
2263
5485
736
9745
6162
3340
367
5596
702
29
7954
3327
1765
9132
5987
4888
1847
434
2505
6036
5787
9367
8602
3830
714
8849
5065
2800
7721
7221
2361
1870
7454
2238
9133
629
1301
9096
7290
6429
8361
4311
747
5416
4703
8621
8423
4031
5612
4291
5953
6409
4625
4312
8927
2026
8149
8648
2097
9745
9070
3248
4032
1196
4594
101
8850
5740
2499
8881
9790
5706
1323
5874
1366
5841
4371
2195
1980
1959
2196
4240
5305
2137
8310
